trajectory_udu(:,1) = [  -2.5202e+03;  6.0000e+01;  2.0915e+02;  0.0000e+00 ];
trajectory_udu(:,2) = [  -2.5561e+03;  5.9850e+01;  2.2353e+02;  1.3099e+00 ];
trajectory_udu(:,3) = [  -2.4941e+03;  6.0676e+01;  2.4927e+02;  4.7685e+00 ];
trajectory_udu(:,4) = [  -2.4866e+03;  6.0433e+01;  2.4970e+02;  5.5193e+00 ];
trajectory_udu(:,5) = [  -2.4739e+03;  6.0606e+01;  2.5415e+02;  7.3796e+00 ];
trajectory_udu(:,6) = [  -2.4565e+03;  6.1521e+01;  2.6078e+02;  1.0559e+01 ];
trajectory_udu(:,7) = [  -2.4515e+03;  6.0518e+01;  2.6250e+02;  1.0802e+01 ];
trajectory_udu(:,8) = [  -2.4311e+03;  6.1513e+01;  2.6406e+02;  1.2104e+01 ];
trajectory_udu(:,9) = [  -2.4203e+03;  6.1387e+01;  2.6773e+02;  1.3622e+01 ];
trajectory_udu(:,10) = [  -2.4183e+03;  5.9328e+01;  2.7045e+02;  1.3253e+01 ];
trajectory_udu(:,11) = [  -2.4098e+03;  5.6984e+01;  2.6548e+02;  8.8397e+00 ];
trajectory_udu(:,12) = [  -2.3999e+03;  5.6041e+01;  2.6457e+02;  7.5315e+00 ];
trajectory_udu(:,13) = [  -2.3791e+03;  5.6140e+01;  2.5579e+02;  3.3743e+00 ];
trajectory_udu(:,14) = [  -2.3691e+03;  5.4290e+01;  2.4827e+02; -1.0398e+00 ];
trajectory_udu(:,15) = [  -2.3628e+03;  5.3253e+01;  2.4832e+02; -1.2972e+00 ];
trajectory_udu(:,16) = [  -2.3449e+03;  5.4501e+01;  2.4589e+02; -1.0343e+00 ];
trajectory_udu(:,17) = [  -2.3339e+03;  5.5774e+01;  2.5394e+02;  3.5459e+00 ];
trajectory_udu(:,18) = [  -2.3143e+03;  5.8157e+01;  2.5842e+02;  7.2663e+00 ];
trajectory_udu(:,19) = [  -2.3026e+03;  5.8004e+01;  2.5926e+02;  7.6362e+00 ];
trajectory_udu(:,20) = [  -2.2863e+03;  5.9340e+01;  2.6392e+02;  1.0516e+01 ];
trajectory_udu(:,21) = [  -2.2707e+03;  5.9431e+01;  2.6141e+02;  9.8736e+00 ];
trajectory_udu(:,22) = [  -2.2687e+03;  5.6256e+01;  2.5393e+02;  4.8891e+00 ];
trajectory_udu(:,23) = [  -2.2592e+03;  5.5829e+01;  2.5463e+02;  4.9641e+00 ];
trajectory_udu(:,24) = [  -2.2444e+03;  5.6754e+01;  2.5823e+02;  7.1140e+00 ];
trajectory_udu(:,25) = [  -2.2405e+03;  5.4903e+01;  2.5541e+02;  4.7034e+00 ];
trajectory_udu(:,26) = [  -2.2341e+03;  5.3369e+01;  2.4962e+02;  1.7347e+00 ];
trajectory_udu(:,27) = [  -2.2331e+03;  5.1376e+01;  2.4651e+02; -9.3989e-01 ];
trajectory_udu(:,28) = [  -2.2265e+03;  4.9975e+01;  2.3823e+02; -4.3894e+00 ];
trajectory_udu(:,29) = [  -2.2197e+03;  4.8870e+01;  2.3106e+02; -7.1559e+00 ];
trajectory_udu(:,30) = [  -2.2087e+03;  4.9600e+01;  2.3534e+02; -5.0633e+00 ];
trajectory_udu(:,31) = [  -2.2012e+03;  4.9467e+01;  2.3659e+02; -4.7129e+00 ];
trajectory_udu(:,32) = [  -2.1865e+03;  5.0188e+01;  2.3623e+02; -3.8021e+00 ];
trajectory_udu(:,33) = [  -2.1712e+03;  5.1974e+01;  2.4793e+02;  1.0691e+00 ];
trajectory_udu(:,34) = [  -2.1619e+03;  5.2089e+01;  2.5134e+02;  2.0669e+00 ];
trajectory_udu(:,35) = [  -2.1525e+03;  5.1506e+01;  2.4642e+02;  4.1146e-01 ];
trajectory_udu(:,36) = [  -2.1448e+03;  5.0953e+01;  2.4355e+02; -7.5892e-01 ];
trajectory_udu(:,37) = [  -2.1374e+03;  5.0792e+01;  2.4561e+02; -4.4834e-01 ];
trajectory_udu(:,38) = [  -2.1293e+03;  5.0708e+01;  2.4734e+02; -1.4085e-01 ];
trajectory_udu(:,39) = [  -2.1166e+03;  5.0687e+01;  2.4356e+02; -8.1556e-01 ];
trajectory_udu(:,40) = [  -2.1146e+03;  4.9220e+01;  2.3498e+02; -4.3383e+00 ];
trajectory_udu(:,41) = [  -2.1033e+03;  4.9337e+01;  2.3360e+02; -4.3337e+00 ];
trajectory_udu(:,42) = [  -2.0884e+03;  5.0085e+01;  2.3637e+02; -2.6719e+00 ];
trajectory_udu(:,43) = [  -2.0733e+03;  5.0958e+01;  2.4164e+02; -3.8103e-01 ];
trajectory_udu(:,44) = [  -2.0677e+03;  5.0459e+01;  2.4038e+02; -1.2511e+00 ];
trajectory_udu(:,45) = [  -2.0582e+03;  5.0258e+01;  2.3786e+02; -1.8944e+00 ];
trajectory_udu(:,46) = [  -2.0443e+03;  5.1063e+01;  2.4494e+02;  5.8827e-01 ];
trajectory_udu(:,47) = [  -2.0294e+03;  5.1629e+01;  2.4807e+02;  2.0686e+00 ];
trajectory_udu(:,48) = [  -2.0212e+03;  5.1367e+01;  2.4718e+02;  1.5804e+00 ];
trajectory_udu(:,49) = [  -2.0120e+03;  5.1160e+01;  2.4554e+02;  1.0605e+00 ];
trajectory_udu(:,50) = [  -2.0008e+03;  5.1313e+01;  2.4728e+02;  1.6522e+00 ];
trajectory_udu(:,51) = [  -1.9909e+03;  5.1313e+01;  2.4816e+02;  1.8483e+00 ];
trajectory_udu(:,52) = [  -1.9835e+03;  5.0869e+01;  2.4441e+02;  5.8763e-01 ];
trajectory_udu(:,53) = [  -1.9775e+03;  5.0506e+01;  2.4306e+02; -2.0408e-01 ];
trajectory_udu(:,54) = [  -1.9678e+03;  5.0567e+01;  2.4450e+02;  1.5402e-01 ];
trajectory_udu(:,55) = [  -1.9564e+03;  5.0646e+01;  2.4468e+02;  3.7492e-01 ];
trajectory_udu(:,56) = [  -1.9391e+03;  5.1442e+01;  2.5172e+02;  2.8875e+00 ];
trajectory_udu(:,57) = [  -1.9280e+03;  5.1505e+01;  2.5280e+02;  3.2099e+00 ];
trajectory_udu(:,58) = [  -1.9158e+03;  5.1633e+01;  2.5408e+02;  3.6863e+00 ];
trajectory_udu(:,59) = [  -1.9068e+03;  5.1483e+01;  2.5353e+02;  3.3685e+00 ];
trajectory_udu(:,60) = [  -1.8974e+03;  5.1471e+01;  2.5499e+02;  3.5754e+00 ];
trajectory_udu(:,61) = [  -1.8844e+03;  5.1737e+01;  2.5863e+02;  4.6290e+00 ];
trajectory_udu(:,62) = [  -1.8732e+03;  5.1743e+01;  2.5902e+02;  4.7405e+00 ];
trajectory_udu(:,63) = [  -1.8673e+03;  5.1326e+01;  2.5584e+02;  3.5019e+00 ];
trajectory_udu(:,64) = [  -1.8563e+03;  5.1294e+01;  2.5539e+02;  3.4233e+00 ];
trajectory_udu(:,65) = [  -1.8444e+03;  5.1269e+01;  2.5427e+02;  3.2862e+00 ];
trajectory_udu(:,66) = [  -1.8381e+03;  5.1095e+01;  2.5485e+02;  2.9868e+00 ];
trajectory_udu(:,67) = [  -1.8276e+03;  5.1033e+01;  2.5402e+02;  2.7854e+00 ];
trajectory_udu(:,68) = [  -1.8186e+03;  5.0877e+01;  2.5226e+02;  2.2590e+00 ];
trajectory_udu(:,69) = [  -1.8095e+03;  5.0727e+01;  2.5037e+02;  1.7266e+00 ];
trajectory_udu(:,70) = [  -1.8021e+03;  5.0502e+01;  2.4788e+02;  9.3746e-01 ];
trajectory_udu(:,71) = [  -1.7920e+03;  5.0490e+01;  2.4784e+02;  9.3028e-01 ];
trajectory_udu(:,72) = [  -1.7820e+03;  5.0470e+01;  2.4772e+02;  8.9203e-01 ];
trajectory_udu(:,73) = [  -1.7726e+03;  5.0454e+01;  2.4812e+02;  9.1414e-01 ];
trajectory_udu(:,74) = [  -1.7611e+03;  5.0563e+01;  2.4994e+02;  1.4060e+00 ];
trajectory_udu(:,75) = [  -1.7505e+03;  5.0575e+01;  2.5021e+02;  1.4900e+00 ];
trajectory_udu(:,76) = [  -1.7401e+03;  5.0674e+01;  2.5293e+02;  2.0421e+00 ];
trajectory_udu(:,77) = [  -1.7287e+03;  5.0715e+01;  2.5352e+02;  2.2376e+00 ];
trajectory_udu(:,78) = [  -1.7185e+03;  5.0719e+01;  2.5417e+02;  2.3364e+00 ];
trajectory_udu(:,79) = [  -1.7056e+03;  5.0918e+01;  2.5813e+02;  3.2912e+00 ];
trajectory_udu(:,80) = [  -1.6956e+03;  5.0980e+01;  2.6076e+02;  3.7347e+00 ];
trajectory_udu(:,81) = [  -1.6871e+03;  5.0893e+01;  2.6045e+02;  3.4790e+00 ];
trajectory_udu(:,82) = [  -1.6785e+03;  5.0774e+01;  2.5905e+02;  3.0254e+00 ];
trajectory_udu(:,83) = [  -1.6687e+03;  5.0763e+01;  2.5974e+02;  3.0751e+00 ];
trajectory_udu(:,84) = [  -1.6576e+03;  5.0818e+01;  2.6144e+02;  3.4100e+00 ];
trajectory_udu(:,85) = [  -1.6478e+03;  5.0797e+01;  2.6194e+02;  3.4084e+00 ];
trajectory_udu(:,86) = [  -1.6360e+03;  5.0880e+01;  2.6418e+02;  3.8788e+00 ];
trajectory_udu(:,87) = [  -1.6280e+03;  5.0769e+01;  2.6313e+02;  3.4590e+00 ];
trajectory_udu(:,88) = [  -1.6185e+03;  5.0690e+01;  2.6195e+02;  3.1261e+00 ];
trajectory_udu(:,89) = [  -1.6091e+03;  5.0636e+01;  2.6144e+02;  2.9230e+00 ];
trajectory_udu(:,90) = [  -1.6009e+03;  5.0471e+01;  2.5803e+02;  2.1186e+00 ];
trajectory_udu(:,91) = [  -1.5919e+03;  5.0384e+01;  2.5632e+02;  1.7016e+00 ];
trajectory_udu(:,92) = [  -1.5819e+03;  5.0396e+01;  2.5718e+02;  1.8193e+00 ];
trajectory_udu(:,93) = [  -1.5717e+03;  5.0332e+01;  2.5540e+02;  1.4750e+00 ];
trajectory_udu(:,94) = [  -1.5612e+03;  5.0368e+01;  2.5669e+02;  1.7054e+00 ];
trajectory_udu(:,95) = [  -1.5511e+03;  5.0329e+01;  2.5576e+02;  1.5082e+00 ];
trajectory_udu(:,96) = [  -1.5414e+03;  5.0330e+01;  2.5638e+02;  1.5664e+00 ];
trajectory_udu(:,97) = [  -1.5316e+03;  5.0356e+01;  2.5787e+02;  1.7802e+00 ];
trajectory_udu(:,98) = [  -1.5220e+03;  5.0296e+01;  2.5636e+02;  1.4585e+00 ];
trajectory_udu(:,99) = [  -1.5135e+03;  5.0232e+01;  2.5522e+02;  1.1463e+00 ];
trajectory_udu(:,100) = [  -1.5044e+03;  5.0194e+01;  2.5459e+02;  9.6272e-01 ];
